2022/02/26-12:08:50.306217 7f7c0f715000 RocksDB version: 6.20.3
2022/02/26-12:08:50.308813 7f7c0f715000 Git sha 8608d75d85f8e1b3b64b73a4fb6d19baec61ba5c
2022/02/26-12:08:50.308835 7f7c0f715000 Compile date 2021-05-05 20:35:30
2022/02/26-12:08:50.309171 7f7c0f715000 DB SUMMARY
2022/02/26-12:08:50.309188 7f7c0f715000 DB Session ID:  60F191QYT9ALT9V4F2KX
2022/02/26-12:08:50.322501 7f7c0f715000 CURRENT file:  CURRENT
2022/02/26-12:08:50.322519 7f7c0f715000 IDENTITY file:  IDENTITY
2022/02/26-12:08:50.326487 7f7c0f715000 MANIFEST file:  MANIFEST-000086 size: 2646 Bytes
2022/02/26-12:08:50.326544 7f7c0f715000 SST files in test-ledger/rocksdb dir, Total Num: 7, files: 000079.sst 000080.sst 000081.sst 000082.sst 000083.sst 000084.sst 000085.sst 
2022/02/26-12:08:50.326552 7f7c0f715000 Write Ahead Log file in test-ledger/rocksdb: 000087.log size: 82560327 ; 
2022/02/26-12:08:50.326562 7f7c0f715000                         Options.error_if_exists: 0
2022/02/26-12:08:50.326568 7f7c0f715000                       Options.create_if_missing: 1
2022/02/26-12:08:50.326572 7f7c0f715000                         Options.paranoid_checks: 1
2022/02/26-12:08:50.326575 7f7c0f715000                               Options.track_and_verify_wals_in_manifest: 0
2022/02/26-12:08:50.326578 7f7c0f715000                                     Options.env: 0x55df43802420
2022/02/26-12:08:50.326581 7f7c0f715000                                      Options.fs: Posix File System
2022/02/26-12:08:50.326584 7f7c0f715000                                Options.info_log: 0x55df4458b0d0
2022/02/26-12:08:50.326587 7f7c0f715000                Options.max_file_opening_threads: 16
2022/02/26-12:08:50.326590 7f7c0f715000                              Options.statistics: (nil)
2022/02/26-12:08:50.326594 7f7c0f715000                               Options.use_fsync: 0
2022/02/26-12:08:50.326597 7f7c0f715000                       Options.max_log_file_size: 0
2022/02/26-12:08:50.326600 7f7c0f715000                  Options.max_manifest_file_size: 1073741824
2022/02/26-12:08:50.326603 7f7c0f715000                   Options.log_file_time_to_roll: 0
2022/02/26-12:08:50.326606 7f7c0f715000                       Options.keep_log_file_num: 1000
2022/02/26-12:08:50.326609 7f7c0f715000                    Options.recycle_log_file_num: 0
2022/02/26-12:08:50.326612 7f7c0f715000                         Options.allow_fallocate: 1
2022/02/26-12:08:50.326615 7f7c0f715000                        Options.allow_mmap_reads: 0
2022/02/26-12:08:50.326618 7f7c0f715000                       Options.allow_mmap_writes: 0
2022/02/26-12:08:50.326620 7f7c0f715000                        Options.use_direct_reads: 0
2022/02/26-12:08:50.326623 7f7c0f715000                        Options.use_direct_io_for_flush_and_compaction: 0
2022/02/26-12:08:50.326626 7f7c0f715000          Options.create_missing_column_families: 1
2022/02/26-12:08:50.326629 7f7c0f715000                              Options.db_log_dir: 
2022/02/26-12:08:50.326632 7f7c0f715000                                 Options.wal_dir: test-ledger/rocksdb
2022/02/26-12:08:50.326635 7f7c0f715000                Options.table_cache_numshardbits: 6
2022/02/26-12:08:50.326638 7f7c0f715000                         Options.WAL_ttl_seconds: 0
2022/02/26-12:08:50.326640 7f7c0f715000                       Options.WAL_size_limit_MB: 0
2022/02/26-12:08:50.326643 7f7c0f715000                        Options.max_write_batch_group_size_bytes: 1048576
2022/02/26-12:08:50.326646 7f7c0f715000             Options.manifest_preallocation_size: 4194304
2022/02/26-12:08:50.326649 7f7c0f715000                     Options.is_fd_close_on_exec: 1
2022/02/26-12:08:50.326652 7f7c0f715000                   Options.advise_random_on_open: 1
2022/02/26-12:08:50.326655 7f7c0f715000                    Options.db_write_buffer_size: 0
2022/02/26-12:08:50.326658 7f7c0f715000                    Options.write_buffer_manager: 0x55df44656de0
2022/02/26-12:08:50.326661 7f7c0f715000         Options.access_hint_on_compaction_start: 1
2022/02/26-12:08:50.326664 7f7c0f715000  Options.new_table_reader_for_compaction_inputs: 0
2022/02/26-12:08:50.326667 7f7c0f715000           Options.random_access_max_buffer_size: 1048576
2022/02/26-12:08:50.339595 7f7c0f715000                      Options.use_adaptive_mutex: 0
2022/02/26-12:08:50.339623 7f7c0f715000                            Options.rate_limiter: (nil)
2022/02/26-12:08:50.339632 7f7c0f715000     Options.sst_file_manager.rate_bytes_per_sec: 0
2022/02/26-12:08:50.339638 7f7c0f715000                       Options.wal_recovery_mode: 2
2022/02/26-12:08:50.339643 7f7c0f715000                  Options.enable_thread_tracking: 0
2022/02/26-12:08:50.339648 7f7c0f715000                  Options.enable_pipelined_write: 0
2022/02/26-12:08:50.339653 7f7c0f715000                  Options.unordered_write: 0
2022/02/26-12:08:50.339658 7f7c0f715000         Options.allow_concurrent_memtable_write: 1
2022/02/26-12:08:50.339662 7f7c0f715000      Options.enable_write_thread_adaptive_yield: 1
2022/02/26-12:08:50.339667 7f7c0f715000             Options.write_thread_max_yield_usec: 100
2022/02/26-12:08:50.339673 7f7c0f715000            Options.write_thread_slow_yield_usec: 3
2022/02/26-12:08:50.339677 7f7c0f715000                               Options.row_cache: None
2022/02/26-12:08:50.339682 7f7c0f715000                              Options.wal_filter: None
2022/02/26-12:08:50.339687 7f7c0f715000             Options.avoid_flush_during_recovery: 0
2022/02/26-12:08:50.339692 7f7c0f715000             Options.allow_ingest_behind: 0
2022/02/26-12:08:50.339696 7f7c0f715000             Options.preserve_deletes: 0
2022/02/26-12:08:50.339701 7f7c0f715000             Options.two_write_queues: 0
2022/02/26-12:08:50.339706 7f7c0f715000             Options.manual_wal_flush: 0
2022/02/26-12:08:50.339711 7f7c0f715000             Options.atomic_flush: 0
2022/02/26-12:08:50.339715 7f7c0f715000             Options.avoid_unnecessary_blocking_io: 0
2022/02/26-12:08:50.339719 7f7c0f715000                 Options.persist_stats_to_disk: 0
2022/02/26-12:08:50.339725 7f7c0f715000                 Options.write_dbid_to_manifest: 0
2022/02/26-12:08:50.339729 7f7c0f715000                 Options.log_readahead_size: 0
2022/02/26-12:08:50.339734 7f7c0f715000                 Options.file_checksum_gen_factory: Unknown
2022/02/26-12:08:50.339739 7f7c0f715000                 Options.best_efforts_recovery: 0
2022/02/26-12:08:50.339744 7f7c0f715000                Options.max_bgerror_resume_count: 2147483647
2022/02/26-12:08:50.339749 7f7c0f715000            Options.bgerror_resume_retry_interval: 1000000
2022/02/26-12:08:50.339754 7f7c0f715000             Options.allow_data_in_errors: 0
2022/02/26-12:08:50.339759 7f7c0f715000             Options.db_host_id: __hostname__
2022/02/26-12:08:50.339764 7f7c0f715000             Options.max_background_jobs: 8
2022/02/26-12:08:50.339768 7f7c0f715000             Options.max_background_compactions: -1
2022/02/26-12:08:50.339773 7f7c0f715000             Options.max_subcompactions: 1
2022/02/26-12:08:50.339779 7f7c0f715000             Options.avoid_flush_during_shutdown: 0
2022/02/26-12:08:50.339783 7f7c0f715000           Options.writable_file_max_buffer_size: 1048576
2022/02/26-12:08:50.339787 7f7c0f715000             Options.delayed_write_rate : 16777216
2022/02/26-12:08:50.339792 7f7c0f715000             Options.max_total_wal_size: 4294967296
2022/02/26-12:08:50.339797 7f7c0f715000             Options.delete_obsolete_files_period_micros: 21600000000
2022/02/26-12:08:50.339802 7f7c0f715000                   Options.stats_dump_period_sec: 600
2022/02/26-12:08:50.339806 7f7c0f715000                 Options.stats_persist_period_sec: 600
2022/02/26-12:08:50.339811 7f7c0f715000                 Options.stats_history_buffer_size: 1048576
2022/02/26-12:08:50.339817 7f7c0f715000                          Options.max_open_files: -1
2022/02/26-12:08:50.339821 7f7c0f715000                          Options.bytes_per_sync: 0
2022/02/26-12:08:50.339825 7f7c0f715000                      Options.wal_bytes_per_sync: 0
2022/02/26-12:08:50.339830 7f7c0f715000                   Options.strict_bytes_per_sync: 0
2022/02/26-12:08:50.339834 7f7c0f715000       Options.compaction_readahead_size: 0
2022/02/26-12:08:50.340632 7f7c0f715000                  Options.max_background_flushes: -1
2022/02/26-12:08:50.340656 7f7c0f715000 Compression algorithms supported:
2022/02/26-12:08:50.340663 7f7c0f715000 	kZSTDNotFinalCompression supported: 0
2022/02/26-12:08:50.340668 7f7c0f715000 	kZSTD supported: 0
2022/02/26-12:08:50.340673 7f7c0f715000 	kXpressCompression supported: 0
2022/02/26-12:08:50.340677 7f7c0f715000 	kLZ4HCCompression supported: 1
2022/02/26-12:08:50.340682 7f7c0f715000 	kLZ4Compression supported: 1
2022/02/26-12:08:50.340686 7f7c0f715000 	kBZip2Compression supported: 0
2022/02/26-12:08:50.340690 7f7c0f715000 	kZlibCompression supported: 0
2022/02/26-12:08:50.340695 7f7c0f715000 	kSnappyCompression supported: 0
2022/02/26-12:08:50.340708 7f7c0f715000 Fast CRC32 supported: Not supported on x86
2022/02/26-12:08:50.371790 7f7c0f715000 [db/version_set.cc:4627] Recovering from manifest file: test-ledger/rocksdb/MANIFEST-000086
2022/02/26-12:08:50.380772 7f7c0f715000 [db/column_family.cc:598] --------------- Options for column family [default]:
2022/02/26-12:08:50.380799 7f7c0f715000               Options.comparator: leveldb.BytewiseComparator
2022/02/26-12:08:50.380804 7f7c0f715000           Options.merge_operator: None
2022/02/26-12:08:50.380808 7f7c0f715000        Options.compaction_filter: None
2022/02/26-12:08:50.380811 7f7c0f715000        Options.compaction_filter_factory: None
2022/02/26-12:08:50.380814 7f7c0f715000  Options.sst_partitioner_factory: None
2022/02/26-12:08:50.380818 7f7c0f715000         Options.memtable_factory: SkipListFactory
2022/02/26-12:08:50.380821 7f7c0f715000            Options.table_factory: BlockBasedTable
2022/02/26-12:08:50.380913 7f7c0f715000            table_factory options:   flush_block_policy_factory: FlushBlockBySizePolicyFactory (0x55df44651a40)
  cache_index_and_filter_blocks: 0
  cache_index_and_filter_blocks_with_high_priority: 1
  pin_l0_filter_and_index_blocks_in_cache: 0
  pin_top_level_index_and_filter: 1
  index_type: 0
  data_block_index_type: 0
  index_shortening: 1
  data_block_hash_table_util_ratio: 0.750000
  hash_index_allow_collision: 1
  checksum: 1
  no_block_cache: 0
  block_cache: 0x55df446525b0
  block_cache_name: LRUCache
  block_cache_options:
    capacity : 8388608
    num_shard_bits : 4
    strict_capacity_limit : 0
    memory_allocator : None
    high_pri_pool_ratio: 0.000
  block_cache_compressed: (nil)
  persistent_cache: (nil)
  block_size: 4096
  block_size_deviation: 10
  block_restart_interval: 16
  index_block_restart_interval: 1
  metadata_block_size: 4096
  partition_filters: 0
  use_delta_encoding: 1
  filter_policy: nullptr
  whole_key_filtering: 1
  verify_compression: 0
  read_amp_bytes_per_bit: 0
  format_version: 5
  enable_index_compression: 1
  block_align: 0
2022/02/26-12:08:50.380919 7f7c0f715000        Options.write_buffer_size: 67108864
2022/02/26-12:08:50.380922 7f7c0f715000  Options.max_write_buffer_number: 2
2022/02/26-12:08:50.380925 7f7c0f715000          Options.compression: NoCompression
2022/02/26-12:08:50.380928 7f7c0f715000                  Options.bottommost_compression: Disabled
2022/02/26-12:08:50.380931 7f7c0f715000       Options.prefix_extractor: nullptr
2022/02/26-12:08:50.380934 7f7c0f715000   Options.memtable_insert_with_hint_prefix_extractor: nullptr
2022/02/26-12:08:50.380937 7f7c0f715000             Options.num_levels: 7
2022/02/26-12:08:50.380940 7f7c0f715000        Options.min_write_buffer_number_to_merge: 1
2022/02/26-12:08:50.380943 7f7c0f715000     Options.max_write_buffer_number_to_maintain: 0
2022/02/26-12:08:50.380946 7f7c0f715000     Options.max_write_buffer_size_to_maintain: 0
2022/02/26-12:08:50.380949 7f7c0f715000            Options.bottommost_compression_opts.window_bits: -14
2022/02/26-12:08:50.380952 7f7c0f715000                  Options.bottommost_compression_opts.level: 32767
2022/02/26-12:08:50.380955 7f7c0f715000               Options.bottommost_compression_opts.strategy: 0
2022/02/26-12:08:50.380958 7f7c0f715000         Options.bottommost_compression_opts.max_dict_bytes: 0
2022/02/26-12:08:50.381677 7f7c0f715000         Options.bottommost_compression_opts.zstd_max_train_bytes: 0
2022/02/26-12:08:50.381693 7f7c0f715000         Options.bottommost_compression_opts.parallel_threads: 1
2022/02/26-12:08:50.381698 7f7c0f715000                  Options.bottommost_compression_opts.enabled: false
2022/02/26-12:08:50.381701 7f7c0f715000         Options.bottommost_compression_opts.max_dict_buffer_bytes: 0
2022/02/26-12:08:50.381704 7f7c0f715000            Options.compression_opts.window_bits: -14
2022/02/26-12:08:50.381707 7f7c0f715000                  Options.compression_opts.level: 32767
2022/02/26-12:08:50.381710 7f7c0f715000               Options.compression_opts.strategy: 0
2022/02/26-12:08:50.381713 7f7c0f715000         Options.compression_opts.max_dict_bytes: 0
2022/02/26-12:08:50.381716 7f7c0f715000         Options.compression_opts.zstd_max_train_bytes: 0
2022/02/26-12:08:50.381719 7f7c0f715000         Options.compression_opts.parallel_threads: 1
2022/02/26-12:08:50.381722 7f7c0f715000                  Options.compression_opts.enabled: false
2022/02/26-12:08:50.381725 7f7c0f715000         Options.compression_opts.max_dict_buffer_bytes: 0
2022/02/26-12:08:50.381728 7f7c0f715000      Options.level0_file_num_compaction_trigger: 4
2022/02/26-12:08:50.381731 7f7c0f715000          Options.level0_slowdown_writes_trigger: 20
2022/02/26-12:08:50.381734 7f7c0f715000              Options.level0_stop_writes_trigger: 36
2022/02/26-12:08:50.381737 7f7c0f715000                   Options.target_file_size_base: 67108864
2022/02/26-12:08:50.381740 7f7c0f715000             Options.target_file_size_multiplier: 1
2022/02/26-12:08:50.381743 7f7c0f715000                Options.max_bytes_for_level_base: 268435456
2022/02/26-12:08:50.381746 7f7c0f715000 Options.level_compaction_dynamic_level_bytes: 0
2022/02/26-12:08:50.381748 7f7c0f715000          Options.max_bytes_for_level_multiplier: 10.000000
2022/02/26-12:08:50.381758 7f7c0f715000 Options.max_bytes_for_level_multiplier_addtl[0]: 1
2022/02/26-12:08:50.381761 7f7c0f715000 Options.max_bytes_for_level_multiplier_addtl[1]: 1
2022/02/26-12:08:50.381765 7f7c0f715000 Options.max_bytes_for_level_multiplier_addtl[2]: 1
2022/02/26-12:08:50.381767 7f7c0f715000 Options.max_bytes_for_level_multiplier_addtl[3]: 1
2022/02/26-12:08:50.381770 7f7c0f715000 Options.max_bytes_for_level_multiplier_addtl[4]: 1
2022/02/26-12:08:50.381773 7f7c0f715000 Options.max_bytes_for_level_multiplier_addtl[5]: 1
2022/02/26-12:08:50.381776 7f7c0f715000 Options.max_bytes_for_level_multiplier_addtl[6]: 1
2022/02/26-12:08:50.381779 7f7c0f715000       Options.max_sequential_skip_in_iterations: 8
2022/02/26-12:08:50.381782 7f7c0f715000                    Options.max_compaction_bytes: 1677721600
2022/02/26-12:08:50.381785 7f7c0f715000                        Options.arena_block_size: 8388608
2022/02/26-12:08:50.381788 7f7c0f715000   Options.soft_pending_compaction_bytes_limit: 68719476736
2022/02/26-12:08:50.381790 7f7c0f715000   Options.hard_pending_compaction_bytes_limit: 274877906944
2022/02/26-12:08:50.381793 7f7c0f715000       Options.rate_limit_delay_max_milliseconds: 100
2022/02/26-12:08:50.381796 7f7c0f715000                Options.disable_auto_compactions: 0
2022/02/26-12:08:50.381806 7f7c0f715000                        Options.compaction_style: kCompactionStyleLevel
2022/02/26-12:08:50.381811 7f7c0f715000                          Options.compaction_pri: kMinOverlappingRatio
2022/02/26-12:08:50.381813 7f7c0f715000 Options.compaction_options_universal.size_ratio: 1
2022/02/26-12:08:50.381816 7f7c0f715000 Options.compaction_options_universal.min_merge_width: 2
2022/02/26-12:08:50.381819 7f7c0f715000 Options.compaction_options_universal.max_merge_width: 4294967295
2022/02/26-12:08:50.381822 7f7c0f715000 Options.compaction_options_universal.max_size_amplification_percent: 200
2022/02/26-12:08:50.381826 7f7c0f715000 Options.compaction_options_universal.compression_size_percent: -1
2022/02/26-12:08:50.381831 7f7c0f715000 Options.compaction_options_universal.stop_style: kCompactionStopStyleTotalSize
2022/02/26-12:08:50.382561 7f7c0f715000 Options.compaction_options_fifo.max_table_files_size: 1073741824
2022/02/26-12:08:50.382576 7f7c0f715000 Options.compaction_options_fifo.allow_compaction: 0
2022/02/26-12:08:50.382597 7f7c0f715000                   Options.table_properties_collectors: 
2022/02/26-12:08:50.382601 7f7c0f715000                   Options.inplace_update_support: 0
2022/02/26-12:08:50.382604 7f7c0f715000                 Options.inplace_update_num_locks: 10000
2022/02/26-12:08:50.382607 7f7c0f715000               Options.memtable_prefix_bloom_size_ratio: 0.000000
2022/02/26-12:08:50.382614 7f7c0f715000               Options.memtable_whole_key_filtering: 0
2022/02/26-12:08:50.382617 7f7c0f715000   Options.memtable_huge_page_size: 0
2022/02/26-12:08:50.382620 7f7c0f715000                           Options.bloom_locality: 0
2022/02/26-12:08:50.382623 7f7c0f715000                    Options.max_successive_merges: 0
2022/02/26-12:08:50.382626 7f7c0f715000                Options.optimize_filters_for_hits: 0
2022/02/26-12:08:50.382628 7f7c0f715000                Options.paranoid_file_checks: 0
2022/02/26-12:08:50.382631 7f7c0f715000                Options.force_consistency_checks: 1
2022/02/26-12:08:50.382634 7f7c0f715000                Options.report_bg_io_stats: 0
2022/02/26-12:08:50.382637 7f7c0f715000                               Options.ttl: 2592000
2022/02/26-12:08:50.382640 7f7c0f715000          Options.periodic_compaction_seconds: 0
2022/02/26-12:08:50.382643 7f7c0f715000                    Options.enable_blob_files: false
2022/02/26-12:08:50.382646 7f7c0f715000                        Options.min_blob_size: 0
2022/02/26-12:08:50.382649 7f7c0f715000                       Options.blob_file_size: 268435456
2022/02/26-12:08:50.382652 7f7c0f715000                Options.blob_compression_type: NoCompression
2022/02/26-12:08:50.382655 7f7c0f715000       Options.enable_blob_garbage_collection: false
2022/02/26-12:08:50.382658 7f7c0f715000   Options.blob_garbage_collection_age_cutoff: 0.250000
2022/02/26-12:08:50.386161 7f7c0f715000 [db/column_family.cc:598] --------------- Options for column family [meta]:
2022/02/26-12:08:50.386179 7f7c0f715000               Options.comparator: leveldb.BytewiseComparator
2022/02/26-12:08:50.386183 7f7c0f715000           Options.merge_operator: None
2022/02/26-12:08:50.386187 7f7c0f715000        Options.compaction_filter: None
2022/02/26-12:08:50.386204 7f7c0f715000        Options.compaction_filter_factory: purged_slot_filter_factory(meta)
2022/02/26-12:08:50.386208 7f7c0f715000  Options.sst_partitioner_factory: None
2022/02/26-12:08:50.386211 7f7c0f715000         Options.memtable_factory: SkipListFactory
2022/02/26-12:08:50.386215 7f7c0f715000            Options.table_factory: BlockBasedTable
2022/02/26-12:08:50.386281 7f7c0f715000            table_factory options:   flush_block_policy_factory: FlushBlockBySizePolicyFactory (0x55df44628340)
  cache_index_and_filter_blocks: 0
  cache_index_and_filter_blocks_with_high_priority: 1
  pin_l0_filter_and_index_blocks_in_cache: 0
  pin_top_level_index_and_filter: 1
  index_type: 0
  data_block_index_type: 0
  index_shortening: 1
  data_block_hash_table_util_ratio: 0.750000
  hash_index_allow_collision: 1
  checksum: 1
  no_block_cache: 0
  block_cache: 0x55df44628390
  block_cache_name: LRUCache
  block_cache_options:
    capacity : 8388608
    num_shard_bits : 4
    strict_capacity_limit : 0
    memory_allocator : None
    high_pri_pool_ratio: 0.000
  block_cache_compressed: (nil)
  persistent_cache: (nil)
  block_size: 4096
  block_size_deviation: 10
  block_restart_interval: 16
  index_block_restart_interval: 1
  metadata_block_size: 4096
  partition_filters: 0
  use_delta_encoding: 1
  filter_policy: nullptr
  whole_key_filtering: 1
  verify_compression: 0
  read_amp_bytes_per_bit: 0
  format_version: 5
  enable_index_compression: 1
  block_align: 0
2022/02/26-12:08:50.386286 7f7c0f715000        Options.write_buffer_size: 268435456
2022/02/26-12:08:50.386289 7f7c0f715000  Options.max_write_buffer_number: 8
2022/02/26-12:08:50.386292 7f7c0f715000          Options.compression: NoCompression
2022/02/26-12:08:50.387097 7f7c0f715000                  Options.bottommost_compression: Disabled
2022/02/26-12:08:50.387111 7f7c0f715000       Options.prefix_extractor: nullptr
2022/02/26-12:08:50.387116 7f7c0f715000   Options.memtable_insert_with_hint_prefix_extractor: nullptr
2022/02/26-12:08:50.387119 7f7c0f715000             Options.num_levels: 7
2022/02/26-12:08:50.387122 7f7c0f715000        Options.min_write_buffer_number_to_merge: 1
2022/02/26-12:08:50.387125 7f7c0f715000     Options.max_write_buffer_number_to_maintain: 0
2022/02/26-12:08:50.387128 7f7c0f715000     Options.max_write_buffer_size_to_maintain: 0
2022/02/26-12:08:50.387131 7f7c0f715000            Options.bottommost_compression_opts.window_bits: -14
2022/02/26-12:08:50.387134 7f7c0f715000                  Options.bottommost_compression_opts.level: 32767
2022/02/26-12:08:50.387137 7f7c0f715000               Options.bottommost_compression_opts.strategy: 0
2022/02/26-12:08:50.387140 7f7c0f715000         Options.bottommost_compression_opts.max_dict_bytes: 0
2022/02/26-12:08:50.387143 7f7c0f715000         Options.bottommost_compression_opts.zstd_max_train_bytes: 0
2022/02/26-12:08:50.387146 7f7c0f715000         Options.bottommost_compression_opts.parallel_threads: 1
2022/02/26-12:08:50.387149 7f7c0f715000                  Options.bottommost_compression_opts.enabled: false
2022/02/26-12:08:50.387152 7f7c0f715000         Options.bottommost_compression_opts.max_dict_buffer_bytes: 0
2022/02/26-12:08:50.387155 7f7c0f715000            Options.compression_opts.window_bits: -14
2022/02/26-12:08:50.387158 7f7c0f715000                  Options.compression_opts.level: 32767
2022/02/26-12:08:50.387161 7f7c0f715000               Options.compression_opts.strategy: 0
2022/02/26-12:08:50.387164 7f7c0f715000         Options.compression_opts.max_dict_bytes: 0
2022/02/26-12:08:50.387166 7f7c0f715000         Options.compression_opts.zstd_max_train_bytes: 0
2022/02/26-12:08:50.387169 7f7c0f715000         Options.compression_opts.parallel_threads: 1
2022/02/26-12:08:50.387172 7f7c0f715000                  Options.compression_opts.enabled: false
2022/02/26-12:08:50.387175 7f7c0f715000         Options.compression_opts.max_dict_buffer_bytes: 0
2022/02/26-12:08:50.387178 7f7c0f715000      Options.level0_file_num_compaction_trigger: 4
2022/02/26-12:08:50.387181 7f7c0f715000          Options.level0_slowdown_writes_trigger: 20
2022/02/26-12:08:50.387184 7f7c0f715000              Options.level0_stop_writes_trigger: 36
2022/02/26-12:08:50.387187 7f7c0f715000                   Options.target_file_size_base: 107374182
2022/02/26-12:08:50.387190 7f7c0f715000             Options.target_file_size_multiplier: 1
2022/02/26-12:08:50.387193 7f7c0f715000                Options.max_bytes_for_level_base: 1073741824
2022/02/26-12:08:50.387196 7f7c0f715000 Options.level_compaction_dynamic_level_bytes: 0
2022/02/26-12:08:50.387199 7f7c0f715000          Options.max_bytes_for_level_multiplier: 10.000000
2022/02/26-12:08:50.387207 7f7c0f715000 Options.max_bytes_for_level_multiplier_addtl[0]: 1
2022/02/26-12:08:50.387211 7f7c0f715000 Options.max_bytes_for_level_multiplier_addtl[1]: 1
2022/02/26-12:08:50.387214 7f7c0f715000 Options.max_bytes_for_level_multiplier_addtl[2]: 1
2022/02/26-12:08:50.387217 7f7c0f715000 Options.max_bytes_for_level_multiplier_addtl[3]: 1
2022/02/26-12:08:50.387220 7f7c0f715000 Options.max_bytes_for_level_multiplier_addtl[4]: 1
2022/02/26-12:08:50.387223 7f7c0f715000 Options.max_bytes_for_level_multiplier_addtl[5]: 1
2022/02/26-12:08:50.387226 7f7c0f715000 Options.max_bytes_for_level_multiplier_addtl[6]: 1
2022/02/26-12:08:50.387229 7f7c0f715000       Options.max_sequential_skip_in_iterations: 8
2022/02/26-12:08:50.387232 7f7c0f715000                    Options.max_compaction_bytes: 2684354550
2022/02/26-12:08:50.387235 7f7c0f715000                        Options.arena_block_size: 33554432
2022/02/26-12:08:50.387238 7f7c0f715000   Options.soft_pending_compaction_bytes_limit: 68719476736
2022/02/26-12:08:50.387241 7f7c0f715000   Options.hard_pending_compaction_bytes_limit: 274877906944
2022/02/26-12:08:50.388299 7f7c0f715000       Options.rate_limit_delay_max_milliseconds: 100
2022/02/26-12:08:50.388315 7f7c0f715000                Options.disable_auto_compactions: 0
2022/02/26-12:08:50.388324 7f7c0f715000                        Options.compaction_style: kCompactionStyleLevel
2022/02/26-12:08:50.388329 7f7c0f715000                          Options.compaction_pri: kMinOverlappingRatio
2022/02/26-12:08:50.388332 7f7c0f715000 Options.compaction_options_universal.size_ratio: 1
2022/02/26-12:08:50.388335 7f7c0f715000 Options.compaction_options_universal.min_merge_width: 2
2022/02/26-12:08:50.388339 7f7c0f715000 Options.compaction_options_universal.max_merge_width: 4294967295
2022/02/26-12:08:50.388342 7f7c0f715000 Options.compaction_options_universal.max_size_amplification_percent: 200
2022/02/26-12:08:50.388345 7f7c0f715000 Options.compaction_options_universal.compression_size_percent: -1
2022/02/26-12:08:50.388350 7f7c0f715000 Options.compaction_options_universal.stop_style: kCompactionStopStyleTotalSize
2022/02/26-12:08:50.388353 7f7c0f715000 Options.compaction_options_fifo.max_table_files_size: 1073741824
2022/02/26-12:08:50.388357 7f7c0f715000 Options.compaction_options_fifo.allow_compaction: 0
2022/02/26-12:08:50.388372 7f7c0f715000                   Options.table_properties_collectors: 
2022/02/26-12:08:50.388376 7f7c0f715000                   Options.inplace_update_support: 0
2022/02/26-12:08:50.388379 7f7c0f715000                 Options.inplace_update_num_locks: 10000
2022/02/26-12:08:50.388382 7f7c0f715000               Options.memtable_prefix_bloom_size_ratio: 0.000000
2022/02/26-12:08:50.388389 7f7c0f715000               Options.memtable_whole_key_filtering: 0
2022/02/26-12:08:50.388392 7f7c0f715000   Options.memtable_huge_page_size: 0
2022/02/26-12:08:50.388395 7f7c0f715000                           Options.bloom_locality: 0
2022/02/26-12:08:50.388398 7f7c0f715000                    Options.max_successive_merges: 0
2022/02/26-12:08:50.388401 7f7c0f715000                Options.optimize_filters_for_hits: 0
2022/02/26-12:08:50.388404 7f7c0f715000                Options.paranoid_file_checks: 0
2022/02/26-12:08:50.388407 7f7c0f715000                Options.force_consistency_checks: 1
2022/02/26-12:08:50.388410 7f7c0f715000                Options.report_bg_io_stats: 0
2022/02/26-12:08:50.388413 7f7c0f715000                               Options.ttl: 2592000
2022/02/26-12:08:50.388416 7f7c0f715000          Options.periodic_compaction_seconds: 2592000
2022/02/26-12:08:50.388418 7f7c0f715000                    Options.enable_blob_files: false
2022/02/26-12:08:50.388422 7f7c0f715000                        Options.min_blob_size: 0
2022/02/26-12:08:50.388424 7f7c0f715000                       Options.blob_file_size: 268435456
2022/02/26-12:08:50.388428 7f7c0f715000                Options.blob_compression_type: NoCompression
2022/02/26-12:08:50.388431 7f7c0f715000       Options.enable_blob_garbage_collection: false
2022/02/26-12:08:50.388433 7f7c0f715000   Options.blob_garbage_collection_age_cutoff: 0.250000
2022/02/26-12:08:50.388646 7f7c0f715000 [db/column_family.cc:598] --------------- Options for column family [dead_slots]:
2022/02/26-12:08:50.388660 7f7c0f715000               Options.comparator: leveldb.BytewiseComparator
2022/02/26-12:08:50.388663 7f7c0f715000           Options.merge_operator: None
2022/02/26-12:08:50.388667 7f7c0f715000        Options.compaction_filter: None
2022/02/26-12:08:50.388671 7f7c0f715000        Options.compaction_filter_factory: purged_slot_filter_factory(dead_slots)
2022/02/26-12:08:50.388675 7f7c0f715000  Options.sst_partitioner_factory: None
2022/02/26-12:08:50.388678 7f7c0f715000         Options.memtable_factory: SkipListFactory
2022/02/26-12:08:50.388681 7f7c0f715000            Options.table_factory: BlockBasedTable
2022/02/26-12:08:50.388754 7f7c0f715000            table_factory options:   flush_block_policy_factory: FlushBlockBySizePolicyFactory (0x55df4462a5d0)
  cache_index_and_filter_blocks: 0
  cache_index_and_filter_blocks_with_high_priority: 1
  pin_l0_filter_and_index_blocks_in_cache: 0
  pin_top_level_index_and_filter: 1
  index_type: 0
  data_block_index_type: 0
  index_shortening: 1
  data_block_hash_table_util_ratio: 0.750000
  hash_index_allow_collision: 1
  checksum: 1
  no_block_cache: 0
  block_cache: 0x55df4462a620
  block_cache_name: LRUCache
  block_cache_options:
    capacity : 8388608
    num_shard_bits : 4
    strict_capacity_limit : 0
    memory_allocator : None
    high_pri_pool_ratio: 0.000
  block_cache_compressed: (nil)
  persistent_cache: (nil)
  block_size: 4096
  block_size_deviation: 10
  block_restart_interval: 16
  index_block_restart_interval: 1
  metadata_block_size: 4096
  partition_filters: 0
  use_delta_encoding: 1
  filter_policy: nullptr
  whole_key_filtering: 1
  verify_compression: 0
  read_amp_bytes_per_bit: 0
  format_version: 5
  enable_index_compression: 1
  block_align: 0
2022/02/26-12:08:50.389372 7f7c0f715000        Options.write_buffer_size: 268435456
2022/02/26-12:08:50.389386 7f7c0f715000  Options.max_write_buffer_number: 8
2022/02/26-12:08:50.389391 7f7c0f715000          Options.compression: NoCompression
2022/02/26-12:08:50.389394 7f7c0f715000                  Options.bottommost_compression: Disabled
2022/02/26-12:08:50.389398 7f7c0f715000       Options.prefix_extractor: nullptr
2022/02/26-12:08:50.389401 7f7c0f715000   Options.memtable_insert_with_hint_prefix_extractor: nullptr
2022/02/26-12:08:50.389403 7f7c0f715000             Options.num_levels: 7
2022/02/26-12:08:50.389406 7f7c0f715000        Options.min_write_buffer_number_to_merge: 1
2022/02/26-12:08:50.389409 7f7c0f715000     Options.max_write_buffer_number_to_maintain: 0
2022/02/26-12:08:50.389412 7f7c0f715000     Options.max_write_buffer_size_to_maintain: 0
2022/02/26-12:08:50.389416 7f7c0f715000            Options.bottommost_compression_opts.window_bits: -14
2022/02/26-12:08:50.389419 7f7c0f715000                  Options.bottommost_compression_opts.level: 32767
2022/02/26-12:08:50.389422 7f7c0f715000               Options.bottommost_compression_opts.strategy: 0
2022/02/26-12:08:50.389425 7f7c0f715000         Options.bottommost_compression_opts.max_dict_bytes: 0
2022/02/26-12:08:50.389427 7f7c0f715000         Options.bottommost_compression_opts.zstd_max_train_bytes: 0
2022/02/26-12:08:50.389430 7f7c0f715000         Options.bottommost_compression_opts.parallel_threads: 1
2022/02/26-12:08:50.389433 7f7c0f715000                  Options.bottommost_compression_opts.enabled: false
2022/02/26-12:08:50.389436 7f7c0f715000         Options.bottommost_compression_opts.max_dict_buffer_bytes: 0
2022/02/26-12:08:50.389439 7f7c0f715000            Options.compression_opts.window_bits: -14
2022/02/26-12:08:50.389442 7f7c0f715000                  Options.compression_opts.level: 32767
2022/02/26-12:08:50.389445 7f7c0f715000               Options.compression_opts.strategy: 0
2022/02/26-12:08:50.389448 7f7c0f715000         Options.compression_opts.max_dict_bytes: 0
2022/02/26-12:08:50.389451 7f7c0f715000         Options.compression_opts.zstd_max_train_bytes: 0
2022/02/26-12:08:50.389454 7f7c0f715000         Options.compression_opts.parallel_threads: 1
2022/02/26-12:08:50.389456 7f7c0f715000                  Options.compression_opts.enabled: false
2022/02/26-12:08:50.389459 7f7c0f715000         Options.compression_opts.max_dict_buffer_bytes: 0
2022/02/26-12:08:50.389462 7f7c0f715000      Options.level0_file_num_compaction_trigger: 4
2022/02/26-12:08:50.389465 7f7c0f715000          Options.level0_slowdown_writes_trigger: 20
2022/02/26-12:08:50.389468 7f7c0f715000              Options.level0_stop_writes_trigger: 36
2022/02/26-12:08:50.389471 7f7c0f715000                   Options.target_file_size_base: 107374182
2022/02/26-12:08:50.389525 7f7c0f715000             Options.target_file_size_multiplier: 1
2022/02/26-12:08:50.389534 7f7c0f715000                Options.max_bytes_for_level_base: 1073741824
2022/02/26-12:08:50.389538 7f7c0f715000 Options.level_compaction_dynamic_level_bytes: 0
2022/02/26-12:08:50.389541 7f7c0f715000          Options.max_bytes_for_level_multiplier: 10.000000
2022/02/26-12:08:50.390246 7f7c0f715000 Options.max_bytes_for_level_multiplier_addtl[0]: 1
2022/02/26-12:08:50.390265 7f7c0f715000 Options.max_bytes_for_level_multiplier_addtl[1]: 1
2022/02/26-12:08:50.390269 7f7c0f715000 Options.max_bytes_for_level_multiplier_addtl[2]: 1
2022/02/26-12:08:50.390273 7f7c0f715000 Options.max_bytes_for_level_multiplier_addtl[3]: 1
2022/02/26-12:08:50.390276 7f7c0f715000 Options.max_bytes_for_level_multiplier_addtl[4]: 1
2022/02/26-12:08:50.390279 7f7c0f715000 Options.max_bytes_for_level_multiplier_addtl[5]: 1
2022/02/26-12:08:50.390281 7f7c0f715000 Options.max_bytes_for_level_multiplier_addtl[6]: 1
2022/02/26-12:08:50.390284 7f7c0f715000       Options.max_sequential_skip_in_iterations: 8
2022/02/26-12:08:50.390287 7f7c0f715000                    Options.max_compaction_bytes: 2684354550
2022/02/26-12:08:50.390291 7f7c0f715000                        Options.arena_block_size: 33554432
2022/02/26-12:08:50.390294 7f7c0f715000   Options.soft_pending_compaction_bytes_limit: 68719476736
2022/02/26-12:08:50.390297 7f7c0f715000   Options.hard_pending_compaction_bytes_limit: 274877906944
2022/02/26-12:08:50.390300 7f7c0f715000       Options.rate_limit_delay_max_milliseconds: 100
2022/02/26-12:08:50.390303 7f7c0f715000                Options.disable_auto_compactions: 0
2022/02/26-12:08:50.390311 7f7c0f715000                        Options.compaction_style: kCompactionStyleLevel
2022/02/26-12:08:50.390316 7f7c0f715000                          Options.compaction_pri: kMinOverlappingRatio
2022/02/26-12:08:50.390319 7f7c0f715000 Options.compaction_options_universal.size_ratio: 1
2022/02/26-12:08:50.390322 7f7c0f715000 Options.compaction_options_universal.min_merge_width: 2
2022/02/26-12:08:50.390325 7f7c0f715000 Options.compaction_options_universal.max_merge_width: 4294967295
2022/02/26-12:08:50.390328 7f7c0f715000 Options.compaction_options_universal.max_size_amplification_percent: 200
2022/02/26-12:08:50.390331 7f7c0f715000 Options.compaction_options_universal.compression_size_percent: -1
2022/02/26-12:08:50.390335 7f7c0f715000 Options.compaction_options_universal.stop_style: kCompactionStopStyleTotalSize
2022/02/26-12:08:50.390338 7f7c0f715000 Options.compaction_options_fifo.max_table_files_size: 1073741824
2022/02/26-12:08:50.390341 7f7c0f715000 Options.compaction_options_fifo.allow_compaction: 0
2022/02/26-12:08:50.390353 7f7c0f715000                   Options.table_properties_collectors: 
2022/02/26-12:08:50.390357 7f7c0f715000                   Options.inplace_update_support: 0
2022/02/26-12:08:50.390360 7f7c0f715000                 Options.inplace_update_num_locks: 10000
2022/02/26-12:08:50.390363 7f7c0f715000               Options.memtable_prefix_bloom_size_ratio: 0.000000
2022/02/26-12:08:50.390370 7f7c0f715000               Options.memtable_whole_key_filtering: 0
2022/02/26-12:08:50.390373 7f7c0f715000   Options.memtable_huge_page_size: 0
2022/02/26-12:08:50.390375 7f7c0f715000                           Options.bloom_locality: 0
2022/02/26-12:08:50.390378 7f7c0f715000                    Options.max_successive_merges: 0
2022/02/26-12:08:50.390381 7f7c0f715000                Options.optimize_filters_for_hits: 0
2022/02/26-12:08:50.390384 7f7c0f715000                Options.paranoid_file_checks: 0
2022/02/26-12:08:50.390387 7f7c0f715000                Options.force_consistency_checks: 1
2022/02/26-12:08:50.390390 7f7c0f715000                Options.report_bg_io_stats: 0
2022/02/26-12:08:50.390392 7f7c0f715000                               Options.ttl: 2592000
2022/02/26-12:08:50.390395 7f7c0f715000          Options.periodic_compaction_seconds: 2592000
2022/02/26-12:08:50.390398 7f7c0f715000                    Options.enable_blob_files: false
2022/02/26-12:08:50.390402 7f7c0f715000                        Options.min_blob_size: 0
2022/02/26-12:08:50.390404 7f7c0f715000                       Options.blob_file_size: 268435456
2022/02/26-12:08:50.390407 7f7c0f715000                Options.blob_compression_type: NoCompression
2022/02/26-12:08:50.390410 7f7c0f715000       Options.enable_blob_garbage_collection: false
2022/02/26-12:08:50.391078 7f7c0f715000   Options.blob_garbage_collection_age_cutoff: 0.250000
2022/02/26-12:08:50.391738 7f7c0f715000 [db/column_family.cc:598] --------------- Options for column family [duplicate_slots]:
2022/02/26-12:08:50.391755 7f7c0f715000               Options.comparator: leveldb.BytewiseComparator
2022/02/26-12:08:50.391758 7f7c0f715000           Options.merge_operator: None
2022/02/26-12:08:50.391762 7f7c0f715000        Options.compaction_filter: None
2022/02/26-12:08:50.391766 7f7c0f715000        Options.compaction_filter_factory: purged_slot_filter_factory(duplicate_slots)
2022/02/26-12:08:50.391769 7f7c0f715000  Options.sst_partitioner_factory: None
2022/02/26-12:08:50.391772 7f7c0f715000         Options.memtable_factory: SkipListFactory
2022/02/26-12:08:50.391775 7f7c0f715000            Options.table_factory: BlockBasedTable
2022/02/26-12:08:50.392076 7f7c0f715000            table_factory options:   flush_block_policy_factory: FlushBlockBySizePolicyFactory (0x55df4462c8a0)
  cache_index_and_filter_blocks: 0
  cache_index_and_filter_blocks_with_high_priority: 1
  pin_l0_filter_and_index_blocks_in_cache: 0
  pin_top_level_index_and_filter: 1
  index_type: 0
  data_block_index_type: 0
  index_shortening: 1
  data_block_hash_table_util_ratio: 0.750000
  hash_index_allow_collision: 1
  checksum: 1
  no_block_cache: 0
  block_cache: 0x55df4462c8f0
  block_cache_name: LRUCache
  block_cache_options:
    capacity : 8388608
    num_shard_bits : 4
    strict_capacity_limit : 0
    memory_allocator : None
    high_pri_pool_ratio: 0.000
  block_cache_compressed: (nil)
  persistent_cache: (nil)
  block_size: 4096
  block_size_deviation: 10
  block_restart_interval: 16
  index_block_restart_interval: 1
  metadata_block_size: 4096
  partition_filters: 0
  use_delta_encoding: 1
  filter_policy: nullptr
  whole_key_filtering: 1
  verify_compression: 0
  read_amp_bytes_per_bit: 0
  format_version: 5
  enable_index_compression: 1
  block_align: 0
2022/02/26-12:08:50.392173 7f7c0f715000        Options.write_buffer_size: 268435456
2022/02/26-12:08:50.392183 7f7c0f715000  Options.max_write_buffer_number: 8
2022/02/26-12:08:50.392187 7f7c0f715000          Options.compression: NoCompression
2022/02/26-12:08:50.392190 7f7c0f715000                  Options.bottommost_compression: Disabled
2022/02/26-12:08:50.392193 7f7c0f715000       Options.prefix_extractor: nullptr
2022/02/26-12:08:50.392196 7f7c0f715000   Options.memtable_insert_with_hint_prefix_extractor: nullptr
2022/02/26-12:08:50.392199 7f7c0f715000             Options.num_levels: 7
2022/02/26-12:08:50.392202 7f7c0f715000        Options.min_write_buffer_number_to_merge: 1
2022/02/26-12:08:50.392205 7f7c0f715000     Options.max_write_buffer_number_to_maintain: 0
2022/02/26-12:08:50.392208 7f7c0f715000     Options.max_write_buffer_size_to_maintain: 0
2022/02/26-12:08:50.392211 7f7c0f715000            Options.bottommost_compression_opts.window_bits: -14
